0. 183 50 59 161 34 246 34 145 157 225 139 31 218 176 202 153 2 185 114 157 73 44 128 126 197 153 213 233 128 178 234 
1. 51 116 158 12 244 213 212 159 212 164 89 126 53 207 50 34 244 204 207 211 144 45 72 211 143 117 230 217 29 42 229 
2. 104 212 73 106 121 37 8 97 64 20 177 59 106 165 17 40 193 140 214 169 11 135 151 140 47 241 21 29 154 149 193 
3. 137 169 130 121 122 118 120 194 99 177 38 223 218 41 109 62 98 224 150 18 52 191 57 166 63 137 94 241 109 14 227 
4. 137 169 130 121 122 118 120 194 99 177 38 223 218 41 109 62 98 224 150 18 52 191 57 166 63 137 94 241 109 14 227 
3. 104 212 73 106 121 37 8 97 64 20 177 59 106 165 17 40 193 140 214 169 11 135 151 140 47 241 21 29 154 149 193 
2. 120 115 77 208 190 130 190 219 194 70 65 43 140 250 48 127 112 240 167 84 134 50 149 170 91 104 19 11 230 252 245 
5. 213 176 202 39 255 216 157 20 77 244 121 39 89 66 124 156 193 248 205 140 135 32 35 100 184 166 135 149 76 176 90 
0. 51 116 158 12 244 213 212 159 212 164 89 126 53 207 50 34 244 204 207 211 144 45 72 211 143 117 230 217 29 42 229 
1. 120 115 77 208 190 130 190 219 194 70 65 43 140 250 48 127 112 240 167 84 134 50 149 170 91 104 19 11 230 252 245 
2. 104 212 73 106 121 37 8 97 64 20 177 59 106 165 17 40 193 140 214 169 11 135 151 140 47 241 21 29 154 149 193 
3. 137 169 130 121 122 118 120 194 99 177 38 223 218 41 109 62 98 224 150 18 52 191 57 166 63 137 94 241 109 14 227 
4. 213 176 202 39 255 216 157 20 77 244 121 39 89 66 124 156 193 248 205 140 135 32 35 100 184 166 135 149 76 176 90 
