0. 56 37 31 93 212 203 252 150 245 69 59 19 13 137 10 28 219 174 50 32 154 80 238 64 120 54 253 18 73 50 246 158 125 73 220 173 79 20 242 68 64 102 208 107 196 48 0 255
1. 83 191 103 214 191 20 214 126 45 220 142 102 131 239 87 73 97 255 105 143 97 205 209 30 157 156 22 114 114 230 29 240 132 79 74 119 2 215 232 57 44 83 203 201 18 30 0 255
2. 212 247 74 74 208 87 104 118 250 22 187 17 173 174 36 136 121 254 82 219 37 67 229 60 244 69 211 216 40 206 11 245 197 96 89 61 151 39 138 89 118 45 208 194 201 205 0 255
3. 225 192 126 233 168 154 167 134 194 181 84 191 154 231 217 35 209 85 144 56 40 209 217 108 161 102 94 78 225 48 156 254 217 113 159 226 165 226 12 155 180 71 101 56 34 70 0 255
4. 225 192 126 233 168 154 167 134 194 181 84 191 154 231 217 35 209 85 144 56 40 209 217 108 161 102 94 78 225 48 156 254 217 113 159 226 165 226 12 155 180 71 101 56 34 70 0 255
3. 212 247 74 74 208 87 104 118 250 22 187 17 173 174 36 136 121 254 82 219 37 67 229 60 244 69 211 216 40 206 11 245 197 96 89 61 151 39 138 89 118 45 208 194 201 205 0 255
2. 108 40 161 30 32 29 203 194 3 63 65 7 132 15 20 5 101 27 40 97 201 197 231 44 142 70 54 8 220 243 168 141 254 190 242 235 113 255 160 208 59 117 6 140 118 135 0 255
5. 202 190 125 159 137 138 65 27 253 184 79 104 246 114 123 20 153 205 211 13 240 68 58 180 166 102 83 51 11 203 161 16 94 76 236 3 76 115 230 5 180 49 14 170 165 207 0 255
0. 83 191 103 214 191 20 214 126 45 220 142 102 131 239 87 73 97 255 105 143 97 205 209 30 157 156 22 114 114 230 29 240 132 79 74 119 2 215 232 57 44 83 203 201 18 30 0 255
1. 108 40 161 30 32 29 203 194 3 63 65 7 132 15 20 5 101 27 40 97 201 197 231 44 142 70 54 8 220 243 168 141 254 190 242 235 113 255 160 208 59 117 6 140 118 135 0 255
2. 212 247 74 74 208 87 104 118 250 22 187 17 173 174 36 136 121 254 82 219 37 67 229 60 244 69 211 216 40 206 11 245 197 96 89 61 151 39 138 89 118 45 208 194 201 205 0 255
3. 225 192 126 233 168 154 167 134 194 181 84 191 154 231 217 35 209 85 144 56 40 209 217 108 161 102 94 78 225 48 156 254 217 113 159 226 165 226 12 155 180 71 101 56 34 70 0 255
4. 202 190 125 159 137 138 65 27 253 184 79 104 246 114 123 20 153 205 211 13 240 68 58 180 166 102 83 51 11 203 161 16 94 76 236 3 76 115 230 5 180 49 14 170 165 207 0 255
